Car -1 -1 -7.8842 589.3192 185.3600 668.2413 250.8837 1.3479 1.6981 3.4683 0.3303 1.6768 17.2528 -7.8664 0.9422
Cyclist -1 -1 -3.6207 903.5134 169.3925 1014.6942 264.0632 1.7320 0.6148 1.8021 6.4791 1.6683 13.5454 -3.1838 0.9297
Car -1 -1 -7.8099 578.9521 180.4437 623.7717 222.7601 1.5986 1.6930 3.6944 -0.3442 1.9314 29.8022 -7.8221 0.8773
Car -1 -1 -4.2197 182.1224 183.5592 301.8008 241.7954 1.6164 1.6654 3.9690 -11.5019 1.9838 22.7734 -4.6831 0.8074
Car -1 -1 -7.9744 666.2816 180.8736 711.9173 217.0905 1.5095 1.6117 3.6633 3.4888 1.8935 32.7335 -7.8698 0.8059
Car -1 -1 -8.4396 490.5579 180.5845 556.6896 210.8479 1.4653 1.6250 3.7818 -4.6186 1.8922 37.9066 -8.5606 0.6459
Car -1 -1 -2.3771 449.3449 182.6971 543.3945 222.5843 1.5292 1.6133 3.8531 -4.8427 1.9662 30.2927 -2.5349 0.6300
Car -1 -1 -2.1789 408.0284 180.3992 515.2902 232.1282 1.5580 1.6548 3.7763 -5.0712 1.8304 24.1841 -2.3840 0.6121
Car -1 -1 -2.4056 520.0358 178.8273 571.2252 200.5600 1.4623 1.5061 3.5073 -4.6074 1.8989 51.1179 -2.4954 0.4239
Car -1 -1 -7.7919 660.8335 176.7489 693.1778 204.7526 1.4545 1.5616 3.7599 3.7162 1.6808 40.0042 -7.7004 0.3651
Car -1 -1 -7.4073 601.3255 178.7821 638.3069 198.5132 1.5590 1.6573 3.6941 0.8273 2.0704 60.2498 -7.3941 0.3447
Car -1 -1 -2.6238 416.7950 182.5506 529.9028 225.0972 1.4780 1.6270 3.8773 -5.1673 1.8607 27.1013 -2.8110 0.3193
Car -1 -1 -4.4025 323.4963 175.7218 389.2752 216.3604 1.7192 1.6473 4.0983 -11.5067 1.8578 32.8854 -4.7369 0.3088
Car -1 -1 -7.6847 473.4341 182.8979 505.7973 206.3884 1.5283 1.6301 3.6928 -8.3950 2.2550 50.3759 -7.8494 0.2656
Cyclist -1 -1 -8.0970 1002.1743 152.9083 1033.2753 210.2755 1.7373 0.4526 1.6629 12.7678 1.1330 22.7132 -7.5906 0.1208
Car -1 -1 -6.9866 1169.7063 181.2999 1241.0000 253.7904 1.4423 1.6100 4.0026 14.5917 1.6333 15.4544 -6.2399 0.1099
Car -1 -1 -8.5617 606.6617 173.3943 670.4179 200.2739 1.4805 1.5923 3.8074 1.5730 1.5130 41.8067 -8.5248 0.1093
Car -1 -1 -8.1728 875.6618 180.9849 968.1327 232.6783 1.4441 1.5747 3.5943 9.5991 1.7193 22.5931 -7.7764 0.1045
Car -1 -1 -6.4993 456.5331 178.8319 525.6927 204.2947 1.5435 1.6585 4.0880 -7.6110 1.9368 45.9816 -6.6628 0.1033
