Car -1 -1 -8.2436 748.8500 175.4128 1028.9641 350.6339 1.4844 1.5806 3.3142 2.6769 1.5181 7.8739 -7.9284 0.9443
Cyclist -1 -1 -4.4167 354.1653 173.9168 431.3259 294.8746 1.7043 0.6279 1.8130 -3.3467 1.7217 11.0914 -4.7041 0.9278
Cyclist -1 -1 -4.3881 254.4623 169.1567 356.7645 325.7153 1.7123 0.6098 1.7414 -3.6977 1.6716 8.7800 -4.7769 0.9257
Car -1 -1 -8.0230 580.7585 176.1858 639.4948 220.5582 1.5202 1.5959 3.5580 -0.1067 1.6528 26.8933 -8.0276 0.9173
Car -1 -1 -7.9224 558.1580 174.6317 594.6768 206.8824 1.5694 1.6058 4.1039 -1.8329 1.6667 37.4789 -7.9714 0.8333
Car -1 -1 -7.7856 405.9404 180.1241 448.7401 215.7223 1.4488 1.5955 3.6398 -8.1080 1.7912 32.0863 -8.0316 0.8213
Car -1 -1 -4.5228 273.4936 186.2252 390.7651 266.1018 1.4601 1.6597 4.0514 -6.0558 1.7966 16.0394 -4.8790 0.7924
Car -1 -1 -7.7634 423.2032 177.8254 458.2474 206.7520 1.5332 1.5896 3.8964 -9.6024 1.8293 40.9834 -7.9926 0.7757
Car -1 -1 -8.1051 651.9991 171.0812 772.5356 256.4295 1.5449 1.5986 3.4811 1.9213 1.5125 14.8883 -7.9802 0.7282
Car -1 -1 -7.5868 150.5989 194.7570 341.0143 308.2371 1.2946 1.6163 3.4966 -5.2681 1.6792 10.8142 -8.0310 0.7037
Car -1 -1 -7.8892 542.9787 174.6382 567.6378 198.0850 1.6339 1.6510 3.8542 -4.0477 1.7686 52.5938 -7.9660 0.5879
Car -1 -1 -6.5929 684.5280 169.0905 797.3608 213.8221 1.5939 1.6129 3.8053 4.7696 1.4595 26.7673 -6.4191 0.4150
Car -1 -1 -3.4200 621.1857 186.3719 691.4217 211.4155 1.4649 1.5602 4.0688 2.8178 2.3245 44.6991 -3.3581 0.1941
Car -1 -1 -4.6713 436.4845 176.8131 461.0334 198.0883 1.5283 1.6514 4.1175 -12.2407 1.8407 54.8129 -4.8903 0.1735
Cyclist -1 -1 -2.9940 385.0775 170.8404 419.0258 202.5528 1.7524 0.5889 1.7537 -11.6366 1.6408 40.2795 -3.2738 0.1064
