Car -1 -1 -7.4492 132.2024 183.3879 398.7147 321.3259 1.5048 1.6452 4.3682 -4.4250 1.4851 10.0274 -7.8551 0.9345
Car -1 -1 -7.7918 599.0411 173.6967 676.8704 246.8961 1.6091 1.6904 3.5971 0.7855 1.3560 17.6795 -7.7485 0.9243
Car -1 -1 -7.3072 58.3214 183.6713 214.1780 243.5951 1.4190 1.5779 3.9874 -12.3144 1.3826 19.0331 -7.8752 0.8971
Car -1 -1 -7.6139 655.1542 179.7658 696.7121 206.6591 1.4770 1.5786 3.6022 3.9413 1.1779 41.4406 -7.5202 0.7345
Car -1 -1 -4.3870 717.4243 180.2023 749.5713 197.9642 1.5291 1.6444 3.9634 11.2158 1.0977 64.0214 -4.2147 0.4342
Car -1 -1 -3.9798 0.0000 195.1377 75.6669 361.4608 1.3939 1.5261 3.7150 -8.1637 1.5324 8.1349 -4.7505 0.4315
Car -1 -1 -4.5682 162.6121 174.5206 209.2393 203.6607 1.5178 1.6405 4.0625 -23.2181 0.9609 39.6333 -5.0954 0.4006
Car -1 -1 -7.6279 743.4839 177.8302 787.7946 206.1302 1.4931 1.6134 3.7535 8.7882 1.1036 39.9685 -7.4133 0.3520
Car -1 -1 -7.3495 315.3767 180.6596 413.1604 225.8885 1.4457 1.5762 3.7795 -8.3878 1.3002 24.9792 -7.6705 0.2938
Car -1 -1 -4.3271 228.9032 187.8477 350.2681 248.7063 1.4138 1.5446 3.8444 -8.2085 1.4900 18.8060 -4.7337 0.2817
Car -1 -1 -7.6750 503.5262 175.3338 542.8944 201.7119 1.4835 1.6008 4.1482 -4.9788 0.9279 42.5495 -7.7911 0.2446
Car -1 -1 -7.3572 220.3255 163.0789 331.7954 217.1819 1.8175 1.7752 4.4984 -12.0810 1.0740 26.4565 -7.7819 0.1220
Car -1 -1 -4.4247 554.0025 181.6397 583.6752 199.4390 1.4796 1.6136 3.5104 -3.3211 1.1825 61.6507 -4.4787 0.1164
Car -1 -1 -4.3252 57.5865 175.8185 113.2437 202.6691 1.7793 1.6930 4.0953 -36.1440 1.1567 49.8256 -4.9505 0.1127
